1 41.0100 28.9603
2 38.4127 27.1384
3 40.1833 29.0667
4 36.9081 30.6956
5 37.8714 32.4847
6 37.0000 35.3250
7 37.0667 37.3833
8 37.1583 38.7917
9 36.8000 34.6167
10 37.9108 40.2367
11 38.7333 35.4833
12 41.2867 36.3300
13 40.9833 27.5167
14 37.7731 29.0878
15 39.7767 30.5206
16 41.0050 39.7225
17 39.9097 41.2756
18 38.3554 38.3337
19 37.8833 41.1333
20 37.5875 36.9453
21 38.6667 39.2167
22 36.2000 36.1500
23 39.7500 37.0167
24 40.7656 29.9406
25 38.5019 43.4167
26 39.6511 27.8842
27 37.7644 38.2763
28 38.7581 30.5386
29 38.3686 34.0297
30 40.5489 34.9533
31 39.4242 29.9833
32 37.0750 36.2500
33 40.7778 30.4028
34 37.7667 30.5500
35 38.6833 29.4000
36 38.6131 27.4258
37 40.8417 31.1583
38 37.9667 34.6792
39 40.7333 31.6000
40 40.3097 36.5542
41 39.8417 33.5139
42 37.1833 33.2167
43 38.7333 41.4911
44 37.8481 27.8453
45 40.1500 26.4000
46 41.6781 26.5594
47 37.8417 41.9458
48 38.8861 40.5017
49 39.7464 39.4914
50 41.4304 31.7800
51 40.9833 37.8833
52 41.6344 32.3375
53 39.1450 34.1608
54 39.7225 43.0544
55 40.6500 35.8333
56 41.3833 33.7833
57 40.6556 29.2750
58 38.6250 34.7122
59 41.0167 40.5167
60 39.9167 44.0333
61 40.9000 38.4167
62 41.2000 32.6333
63 36.7167 37.1167
64 37.7167 30.2833
65 40.6069 43.0931
66 39.8208 34.8083
67 41.7347 27.2253
68 40.6000 33.6167
69 37.5164 42.4611
70 37.3167 40.7378
71 40.1431 29.9792
72 37.5744 43.7408
73 38.4000 42.1167
74 40.2546 40.2260
75 42.0267 35.1511
76 40.4597 39.4778
77 37.2167 28.3667
78 41.1167 42.7000
79 39.1061 39.5481
80 41.1822 41.8194
81 39.9300 32.8500