1 36.20000 36.15000
2 36.71670 37.11670
3 36.80000 34.61670
4 36.90810 30.69560
5 37.00000 35.32500
6 37.06670 37.38330
7 37.07500 36.25000
8 37.15830 38.79170
9 37.18330 33.21670
10 37.21670 28.36670
11 37.31670 40.73780
12 37.51640 42.46110
13 37.57440 43.74080
14 37.58750 36.94530
15 37.71670 30.28330
16 37.76440 38.27630
17 37.76670 30.55000
18 37.77310 29.08780
19 37.84170 41.94580
20 37.84810 27.84530
21 37.87140 32.48470
22 37.88330 41.13330
23 37.91080 40.23670
24 37.96670 34.67920
25 38.35540 38.33370
26 38.36860 34.02970
27 38.40000 42.11670
28 38.41270 27.13840
29 38.50190 43.41670
30 38.61310 27.42580
31 38.62500 34.71220
32 38.66670 39.21670
33 38.68330 29.40000
34 38.73330 35.48330
35 38.73330 41.49110
36 38.75810 30.53860
37 38.88610 40.50170
38 39.10610 39.54810
39 39.14500 34.16080
40 39.42420 29.98330
41 39.65110 27.88420
42 39.72250 43.05440
43 39.74640 39.49140
44 39.75000 37.01670
45 39.77670 30.52060
46 39.82080 34.80830
47 39.84170 33.51390
48 39.90970 41.27560
49 39.91670 44.03330
50 39.93000 32.85000
51 40.14310 29.97920
52 40.15000 26.40000
53 40.18330 29.06670
54 40.25460 40.22600
55 40.30970 36.55420
56 40.45970 39.47780
57 40.54890 34.95330
58 40.60000 33.61670
59 40.60690 43.09310
60 40.65000 35.83330
61 40.65560 29.27500
62 40.73330 31.60000
63 40.76560 29.94060
64 40.77780 30.40280
65 40.84170 31.15830
66 40.90000 38.41670
67 40.98330 27.51670
68 40.98330 37.88330
69 41.00500 39.72250
70 41.01000 28.96030
71 41.01670 40.51670
72 41.11670 42.70000
73 41.18220 41.81940
74 41.20000 32.63330
75 41.28670 36.33000
76 41.38330 33.78330
77 41.43040 31.78000
78 41.63440 32.33750
79 41.67810 26.55940
80 41.73470 27.22530
81 42.02670 35.15110